1 0.000000
2 0.000000
3 0.000000
4 0.000000
5 0.000000
6 0.000000
7 0.000000
8 0.000000
9 0.000000
10 0.000000
11 0.000000
12 0.000000
13 0.000000
14 0.000000
15 0.000000
16 0.000000
17 0.000000
18 0.000000
19 0.000000
20 0.000000
21 0.000000
22 0.000000
23 0.000000
24 0.000000
25 0.000000
26 0.000000
27 0.000000
28 0.000000
29 0.000000
30 0.000000
31 0.000000
32 0.000000
33 0.000000
34 0.000000
35 0.000000
36 0.000000
37 0.000000
38 0.000000
39 0.000000
40 0.000000
41 0.000000
42 0.000000
43 0.000000
44 0.000000
45 0.000000
46 0.000000
47 0.000000
48 0.000000
49 0.000000
50 0.000000
51 0.000000
52 0.000000
53 0.000000
54 0.000000
55 0.000000
56 0.000000
57 0.000000
58 0.000000
59 0.000000
60 0.000000
61 0.000000
62 0.000000
63 0.000000
64 0.000000
65 0.000000
66 0.000000
67 0.000000
68 0.000000
69 0.000000
70 0.000000
71 0.000000
72 0.000000
73 0.000000
74 0.000000
75 0.000000
76 0.000000
77 0.000000
78 0.000000
79 0.000000
80 0.000000
81 0.000000
82 0.000000
83 0.000000
84 0.000000
85 0.000000
86 0.000000
87 0.000000
88 0.000000
89 0.000000
90 0.000000
91 0.000000
92 0.000000
93 0.000000
94 0.000000
95 0.000000
96 0.000006
97 0.010847
98 1.666425
99 1.677118
100 0.000001
101 0.000003
102 0.000001
103 0.000002
104 0.000000
105 0.000000
106 0.000003
107 0.000000
108 0.000000
109 0.000000
110 0.000000
111 0.000000
112 0.000001
113 4.224276
114 0.000000
115 9.093402
116 0.000001
117 0.000000
118 0.000001
119 0.000003
120 0.000002
121 0.000000
122 0.000007
123 0.394546
124 0.394454
125 0.379865
126 0.394551
127 1.702172
128 1.702080
129 0.000000
130 0.148947
131 0.148930
132 0.144000
133 0.000002
134 0.109717
135 0.109690
136 0.104567
137 0.000002
138 0.000000
139 2.133510
140 0.449879
141 0.449835
142 0.439788
143 0.449884
144 3.804033
145 3.803905
146 2.181356
147 1.565982
148 3.843401
149 0.300671
150 0.576013
151 4.204781
152 0.000007
153 0.000009
154 0.000000
155 0.000000
156 0.000085
157 0.046571
158 0.046306
159 0.009912
160 0.009643
161 0.008343
162 0.008026
163 0.064840
164 0.000000
165 0.000000
166 0.000000
167 0.000000
168 0.000000
169 0.296554
170 0.296502
171 0.151865
172 0.137405
173 0.300668
174 1.694206
175 1.694140
176 0.910068
177 0.758029
178 1.710072
179 0.428346
180 0.428286
181 0.102179
182 0.086684
183 0.075657
184 0.071879
185 0.073901
186 0.000000
187 0.000000
188 0.000000
189 0.000000
190 0.000000
191 0.000000
192 0.000000
193 0.000000
194 0.000000
195 0.000000
196 0.000000
197 0.000000
198 0.000000
199 0.000000
200 0.428350
