1 0.000003
2 0.000000
3 0.000000
4 0.000000
5 0.000000
6 0.000000
7 0.000001
8 0.018860
9 0.000000
10 0.049475
11 0.000001
12 0.000000
13 0.000001
14 0.000003
15 0.000001
16 0.000000
17 0.000006
18 0.003051
19 0.003019
20 0.002350
21 0.003053
22 0.010416
23 0.010385
24 0.000001
25 0.001201
26 0.001195
27 0.000992
28 0.000001
29 0.000938
30 0.000932
31 0.000705
32 0.000000
33 0.000000
34 0.014022
35 0.002343
36 0.002336
37 0.001995
38 0.002347
39 0.017793
40 0.017763
41 0.009322
42 0.006711
43 0.018403
44 0.001579
45 0.003895
46 0.021466
47 0.000012
48 0.000013
49 0.000002
50 0.000000
51 0.000123
52 0.000349
53 0.000279
54 0.000370
55 0.000313
56 0.000417
57 0.000329
58 0.001155
59 0.000000
60 0.000000
61 0.000000
62 0.000000
63 0.000000
64 0.001447
65 0.001434
66 0.000629
67 0.000588
68 0.001575
69 0.008005
70 0.007989
71 0.003981
72 0.003181
73 0.008308
74 0.002979
75 0.002970
76 0.000566
77 0.000496
78 0.000450
79 0.000360
80 0.000402
81 0.000000
82 0.000000
83 0.000000
84 0.000000
85 0.000000
86 0.000000
87 0.000000
88 0.000000
89 0.000000
90 0.000000
91 0.000000
92 0.000000
93 0.000000
94 0.000000
95 0.002984
96 0.000009
97 0.000454
98 0.008910
99 0.009356
100 0.000003
101 0.000000
102 0.000002
103 0.000001
104 0.000000
105 0.000001
106 0.000000
107 0.000000
108 0.000000
109 0.000000
110 0.000000
111 0.000000
112 0.000000
113 0.000000
114 0.000000
115 0.000000
116 0.000000
117 0.000000
118 0.000000
119 0.000000
120 0.000000
121 0.000000
122 0.000000
123 0.000000
124 0.000000
125 0.000000
126 0.000000
127 0.000000
128 0.000000
129 0.000000
130 0.000000
131 0.000000
132 0.000000
133 0.000000
134 0.000000
135 0.000000
136 0.000000
137 0.000000
138 0.000000
139 0.000000
140 0.000000
141 0.000000
142 0.000000
143 0.000000
144 0.000000
145 0.000000
146 0.000000
147 0.000000
148 0.000000
149 0.000000
150 0.000000
151 0.000000
152 0.000000
153 0.000000
154 0.000000
155 0.000000
156 0.000000
157 0.000000
158 0.000000
159 0.000000
160 0.000000
161 0.000000
162 0.000000
163 0.000000
164 0.000000
165 0.000000
166 0.000000
167 0.000000
168 0.000000
169 0.000000
170 0.000000
171 0.000000
172 0.000000
173 0.000000
174 0.000000
175 0.000000
176 0.000000
177 0.000000
178 0.000000
179 0.000000
180 0.000000
181 0.000000
182 0.000000
183 0.000000
184 0.000000
185 0.000000
186 0.000000
187 0.000000
188 0.000000
189 0.000000
190 0.000000
191 0.000000
192 0.000000
193 0.000000
194 0.000000
195 0.000000
196 0.000000
197 0.000000
198 0.000000
199 0.000000
200 0.000000
