6514038 0 65536
4676856 65 4
1 0 9
0 2 0
0 8019796 8
64 33020880 10
0 0 8
1 4676856 10
17215 1 30
224522272 0 10
0 0 6
65 64 24
0 0 326
2 1 7004
7692116 17295 192776
36898368 36898384 20
0 0 20
4676856 65 68
1 0 2312
0 2 78608
0 0 20
64 36898368 64
0 0 2048
1 4676856 65536
17640 1 20
42620912 0 64
0 0 2048
65 0 128
0 0 4096
2 1 131072
8019796 17640 524
36624336 36624352 13968
0 0 444512
4676856 65 416576
1 0 15
0 2 20
0 7692116 34
64 35819760 1008
0 0 950
1 4676856 1196
17301 1 29024
33239088 0 1048
0 0 26632
33 60076262 1048
0 0 24536
32 39655360 0
0 0 0
1 4676856 0
17640 1 150
41403584 0 1700
0 0 25100
49 2 23400
0 0 310
1599360085 43202672 6820
7495508 1380992327 200880
64 48 187240
0 0 170
2 1 2020
7495508 17215 30990
31429648 31429664 28970
0 0 28970
4676856 81 28970
1 0 28970
