1 0.75 1.5e-06 1e-06 3e-06 NO
7 0.5 5e-07 1e-06 1e-06 NO
8 0.9999469805418589 0.00943 1e-06 0.01886 MAYBE
10 0.9999797881801278 0.0247375 1e-06 0.049475 MAYBE
11 0.5 5e-07 1e-06 1e-06 NO
13 0.5 5e-07 1e-06 1e-06 NO
14 0.75 1.5e-06 1e-06 3e-06 NO
15 0.5 5e-07 1e-06 1e-06 NO
17 0.8571428571428571 3e-06 1e-06 6e-06 NO
18 0.9996723460026211 0.0015255 1e-06 0.003051 MAYBE
19 0.9996688741721853 0.0015095 1e-06 0.003019 MAYBE
20 0.9995746490854955 0.001175 1e-06 0.00235 MAYBE
21 0.9996725605762935 0.0015265 1e-06 0.003053 MAYBE
22 0.9999040030719016 0.005208 1e-06 0.010416 MAYBE
23 0.9999037165414982 0.0051925 1e-06 0.010385 MAYBE
24 0.5 5e-07 1e-06 1e-06 NO
25 0.9991680532445923 0.0006005 1e-06 0.001201 MAYBE
26 0.9991638795986623 0.0005975 1e-06 0.001195 MAYBE
27 0.9989929506545822 0.000496 1e-06 0.000992 MAYBE
28 0.5 5e-07 1e-06 1e-06 NO
29 0.9989350372736954 0.000469 1e-06 0.000938 MAYBE
30 0.9989281886387995 0.000466 1e-06 0.000932 MAYBE
31 0.9985835694050993 0.0003525 1e-06 0.000705 MAYBE
34 0.9999286885830422 0.007011 1e-06 0.014022 MAYBE
35 0.9995733788395904 0.0011715 1e-06 0.002343 MAYBE
36 0.9995721009841677 0.001168 1e-06 0.002336 MAYBE
37 0.999498997995992 0.0009975 1e-06 0.001995 MAYBE
38 0.9995741056218058 0.0011735 1e-06 0.002347 MAYBE
39 0.9999438012813309 0.0088965 1e-06 0.017793 MAYBE
40 0.9999437063724386 0.0088815 1e-06 0.017763 MAYBE
41 0.9998927383889306 0.004661 1e-06 0.009322 MAYBE
42 0.9998510131108463 0.0033555 1e-06 0.006711 MAYBE
43 0.99994566398609 0.0092015 1e-06 0.018403 MAYBE
44 0.999367088607595 0.0007895 1e-06 0.001579 MAYBE
45 0.9997433264887062 0.0019475 1e-06 0.003895 MAYBE
46 0.9999534168724088 0.010733 1e-06 0.021466 MAYBE
47 0.9230769230769231 6e-06 1e-06 1.2e-05 NO
48 0.9285714285714286 6.5e-06 1e-06 1.3e-05 NO
49 0.6666666666666666 1e-06 1e-06 2e-06 NO
51 0.9919354838709679 6.15e-05 1e-06 0.000123 MAYBE
52 0.9971428571428571 0.0001745 1e-06 0.000349 MAYBE
53 0.9964285714285716 0.0001395 1e-06 0.000279 MAYBE
54 0.9973045822102427 0.000185 1e-06 0.00037 MAYBE
55 0.9968152866242039 0.0001565 1e-06 0.000313 MAYBE
56 0.9976076555023924 0.0002085 1e-06 0.000417 MAYBE
57 0.9969696969696968 0.0001645 1e-06 0.000329 MAYBE
58 0.9991349480968857 0.0005775 1e-06 0.001155 MAYBE
64 0.9993093922651934 0.0007235 1e-06 0.001447 MAYBE
65 0.9993031358885018 0.000717 1e-06 0.001434 MAYBE
66 0.9984126984126985 0.0003145 1e-06 0.000629 MAYBE
67 0.99830220713073 0.000294 1e-06 0.000588 MAYBE
68 0.9993654822335026 0.0007875 1e-06 0.001575 MAYBE
69 0.9998750936797403 0.0040025 1e-06 0.008005 MAYBE
70 0.999874843554443 0.0039945 1e-06 0.007989 MAYBE
71 0.9997488699146159 0.0019905 1e-06 0.003981 MAYBE
72 0.9996857322438718 0.0015905 1e-06 0.003181 MAYBE
73 0.9998796485738356 0.004154 1e-06 0.008308 MAYBE
74 0.9996644295302013 0.0014895 1e-06 0.002979 MAYBE
75 0.9996634129922586 0.001485 1e-06 0.00297 MAYBE
76 0.9982363315696648 0.000283 1e-06 0.000566 MAYBE
77 0.9979879275653925 0.000248 1e-06 0.000496 MAYBE
78 0.9977827050997784 0.000225 1e-06 0.00045 MAYBE
79 0.997229916897507 0.00018 1e-06 0.00036 MAYBE
80 0.9975186104218362 0.000201 1e-06 0.000402 MAYBE
95 0.9996649916247906 0.001492 1e-06 0.002984 MAYBE
96 0.6000000000000001 7.5e-06 6e-06 9e-06 NO
97 0.9598265640208831 0.0056505 0.000454 0.010847 MAYBE
98 0.9946816606827888 0.8376675 0.00891 1.666425 YES
99 0.9944523307207819 0.843237 0.009356 1.677118 YES
100 0.75 2e-06 1e-06 3e-06 NO
101 0.75 1.5e-06 1e-06 3e-06 NO
102 0.6666666666666666 1.5e-06 1e-06 2e-06 NO
103 0.6666666666666666 1.5e-06 1e-06 2e-06 NO
105 0.5 5e-07 1e-06 1e-06 NO
106 0.75 1.5e-06 1e-06 3e-06 NO
112 0.5 5e-07 1e-06 1e-06 NO
113 0.9999997632730998 2.112138 1e-06 4.224276 YES
115 0.999999890030168 4.546701 1e-06 9.093402 YES
116 0.5 5e-07 1e-06 1e-06 NO
118 0.5 5e-07 1e-06 1e-06 NO
119 0.75 1.5e-06 1e-06 3e-06 NO
120 0.6666666666666666 1e-06 1e-06 2e-06 NO
122 0.875 3.5e-06 1e-06 7e-06 NO
123 0.999997465447716 0.197273 1e-06 0.394546 MAYBE
124 0.9999974648565743 0.197227 1e-06 0.394454 MAYBE
125 0.9999973674927475 0.1899325 1e-06 0.379865 MAYBE
126 0.9999974654798355 0.1972755 1e-06 0.394551 MAYBE
127 0.9999994125156492 0.851086 1e-06 1.702172 YES
128 0.9999994124838948 0.85104 1e-06 1.70208 YES
130 0.9999932862475495 0.0744735 1e-06 0.148947 MAYBE
131 0.9999932854811959 0.074465 1e-06 0.14893 MAYBE
132 0.9999930556037806 0.072 1e-06 0.144 MAYBE
133 0.6666666666666666 1e-06 1e-06 2e-06 NO
134 0.9999908857252228 0.0548585 1e-06 0.109717 MAYBE
135 0.9999908834817807 0.054845 1e-06 0.10969 MAYBE
136 0.999990436844924 0.0522835 1e-06 0.104567 MAYBE
137 0.6666666666666666 1e-06 1e-06 2e-06 NO
139 0.999999531289035 1.066755 1e-06 2.13351 YES
140 0.9999977771850272 0.2249395 1e-06 0.449879 YES
141 0.999997776967606 0.2249175 1e-06 0.449835 YES
142 0.9999977261823283 0.219894 1e-06 0.439788 YES
143 0.9999977772097314 0.224942 1e-06 0.449884 YES
144 0.9999997371211717 1.9020165 1e-06 3.804033 YES
145 0.9999997371123261 1.9019525 1e-06 3.803905 YES
146 0.9999995415697659 1.090678 1e-06 2.181356 YES
147 0.9999993614234638 0.782991 1e-06 1.565982 YES
148 0.999999739813842 1.9217005 1e-06 3.843401 YES
149 0.9999966741166454 0.1503355 1e-06 0.300671 MAYBE
150 0.999998263931085 0.2880065 1e-06 0.576013 YES
151 0.999999762175542 2.1023905 1e-06 4.204781 YES
152 0.875 3.5e-06 1e-06 7e-06 NO
153 0.8999999999999999 4.5e-06 1e-06 9e-06 NO
156 0.9883720930232559 4.25e-05 1e-06 8.5e-05 MAYBE
157 0.9999785278708236 0.0232855 1e-06 0.046571 MAYBE
158 0.9999784049927657 0.023153 1e-06 0.046306 MAYBE
159 0.9998991223645718 0.004956 1e-06 0.009912 MAYBE
160 0.999896308585649 0.0048215 1e-06 0.009643 MAYBE
161 0.9998801534036433 0.0041715 1e-06 0.008343 MAYBE
162 0.9998754204559611 0.004013 1e-06 0.008026 MAYBE
163 0.9999845776591972 0.03242 1e-06 0.06484 MAYBE
169 0.9999966279442262 0.148277 1e-06 0.296554 MAYBE
170 0.999996627352843 0.148251 1e-06 0.296502 MAYBE
171 0.9999934152476525 0.0759325 1e-06 0.151865 MAYBE
172 0.9999927222974251 0.0687025 1e-06 0.137405 MAYBE
173 0.9999966740834606 0.150334 1e-06 0.300668 MAYBE
174 0.9999994097533536 0.847103 1e-06 1.694206 YES
175 0.9999994097303588 0.84707 1e-06 1.69414 YES
176 0.999998901182218 0.455034 1e-06 0.910068 YES
177 0.9999986807909976 0.3790145 1e-06 0.758029 YES
178 0.9999994152296423 0.855036 1e-06 1.710072 YES
179 0.9999976654441377 0.214173 1e-06 0.428346 YES
180 0.9999976651170825 0.214143 1e-06 0.428286 YES
181 0.9999902133489921 0.0510895 1e-06 0.102179 MAYBE
182 0.9999884639787737 0.043342 1e-06 0.086684 MAYBE
183 0.9999867826270851 0.0378285 1e-06 0.075657 MAYBE
184 0.9999860879243183 0.0359395 1e-06 0.071879 MAYBE
185 0.9999864685664799 0.0369505 1e-06 0.073901 MAYBE
200 0.9999976654659379 0.214175 1e-06 0.42835 YES
