2716928 0 10
777092720 81 100
32671 0 1200
776656640 125505648 1000
0 0 5000
26 26 1100
2712576 0 1000
64 80 500
0 0 600
2 1 3000
0 16958 500
563626496 563626512 10
0 0 100
-41357552 193 1200
0 0 1000
0 0 5000
0 0 1100
23 23 1000
0 0 500
80 80 600
0 0 3000
0 1070017072 500
0 0 10
22 781846896 100
0 0 1200
2 1498530736 1000
0 16823 5000
128177680 837098704 1100
0 0 1000
5180664 64 500
1 0 600
0 2 3000
0 0 500
64 -922619792 12
0 0 144
611616624 755445040 1728
0 0 8640
274062016 0 12
0 0 144
4225 825790816 1728
0 0 8640
0 816909392 5
0 0 10
127694448 127694464 100
0 0 1000
224511985 64 5000
0 0 5
0 2 73640
0 0 8
128 124973264 64
0 0 9
0 725662449 81
16801 0 9
827704848 0 81
0 0 14
2305 64 196
0 0 8
0 814227472 72
0 0 9
814229088 814229104 90
0 0 9
-516355919 64 90
0 0 14
0 2 196
0 0 8
8 -516292544 72
0 0 9
814224464 814226128 90
16803 0 14
814223984 0 196
0 0 24
193 18619 288
0 0 1440
1 965935776 24
0 16823 288
126870048 126870064 1440
0 0 24
814226704 129 288
0 0 1440
0 2 20
0 0 200
64 814226720 2000
0 0 10000
0 814420433 51
16823 0 510
814226736 0 5100
0 0 51000
64 384 255000
0 0 510
2 0 510
0 16803 510
814228960 814228976 5100
0 0 51000
140862752 321 255000
0 0 22
0 2 22
0 0 24
776655168 814225312 288
0 0 1440
789933856 965935776 7200
16823 0 530
814225328 0 5300
0 0 63600
129 877419103 63600
0 0 53000
2 814225296 265000
0 16823 58300
814225312 814225328 53000
0 0 26500
814225360 65 31800
0 0 159000
0 2 26500
0 0 530
256 814226720 5300
0 0 63600
0 814427921 53000
16823 0 265000
814224240 0 58300
0 0 53000
64 768 5300
0 0 26500
2 0 3180
0 16823 31800
-918759120 -918759104 159000
0 0 5300
736426352 65 26500
0 0 530
0 2 5300
0 0 63600
896 814223968 53000
0 0 265000
0 -515302047 58300
16802 0 53000
-516292912 0 26500
0 0 31800
1281 826528832 159000
0 0 26500
0 814214864 636
0 0 7632
814226016 814226032 91584
0 0 457920
814227280 65 20
0 0 40
0 2 400
0 0 4000
128 814223968 20000
0 0 20
0 814426129 5100
16803 0 51000
814228976 0 5100
0 0 51000
65 64 255000
0 0 255000
2 40954752 5100
0 16803 51000
814226080 814226096 255000
0 0 5100
814016401 64 51000
0 0 5100
0 2 51000
0 0 255000
64 -896425456 255000
0 0 5100
-896425472 124431072 51000
16823 0 255000
-896425440 0 5
0 0 5
897 64 5
0 0 5
