1 0.000000
2 0.000000
3 0.000000
4 0.000000
5 0.000000
6 0.000000
7 0.000000
8 0.000000
9 0.000000
10 0.000000
11 0.000000
12 0.000000
13 0.000000
14 0.000000
15 0.000000
16 0.000000
17 0.000000
18 0.000000
19 0.000000
20 0.000000
21 0.000000
22 0.000000
23 0.000000
24 0.000000
25 0.000000
26 0.000000
27 0.000000
28 0.000000
29 0.000000
30 0.000000
31 0.000000
32 0.000000
33 0.000000
34 0.000000
35 0.000000
36 0.000000
37 0.000000
38 0.000000
39 0.000000
40 0.000000
41 0.000000
42 0.000000
43 0.000000
44 0.000000
45 0.000000
46 0.000000
47 0.000000
48 0.000000
49 0.000000
50 0.000000
51 0.000000
52 0.000000
53 0.000000
54 0.000000
55 0.000000
56 0.000000
57 0.000000
58 0.000000
59 0.000000
60 0.000000
61 0.000000
62 0.000000
63 0.000000
64 0.000000
65 0.000000
66 0.000000
67 0.000000
68 0.000000
69 0.000000
70 0.000000
71 0.000000
72 0.000000
73 0.000000
74 0.000000
75 0.000000
76 0.000000
77 0.000000
78 0.000000
79 0.000000
80 0.000000
81 0.000000
82 0.000000
83 0.000000
84 0.000000
85 0.000000
86 0.000000
87 0.000000
88 0.000000
89 0.000000
90 0.000000
91 0.000000
92 0.000000
93 0.000000
94 0.000000
95 0.000000
96 0.000000
97 0.000000
98 0.000000
99 0.000000
100 0.000000
101 0.000000
102 0.000000
103 0.000000
104 0.000000
105 0.000000
106 0.000000
107 0.000000
108 0.000000
109 0.000000
110 0.000000
111 0.000000
112 0.000000
113 0.000000
114 0.000000
115 0.000000
116 0.000000
117 0.000000
118 0.000000
119 0.000000
120 0.000000
121 0.000000
122 0.000000
123 0.000000
124 0.000000
125 0.000000
126 0.000000
127 0.000000
128 0.000000
129 0.000000
130 0.000000
131 0.000000
132 0.000000
133 0.000000
134 0.000000
135 0.000000
136 0.000000
137 0.000000
138 0.000000
139 0.000000
140 0.000000
141 0.000000
142 0.000000
143 0.000000
144 0.000000
145 0.000000
146 0.000000
147 0.000000
148 0.000000
149 0.000000
150 0.000000
151 0.000000
152 0.000000
153 0.000000
154 0.000000
155 0.000000
156 0.000000
157 0.000000
158 0.000000
159 0.000000
160 0.000000
161 0.000000
162 0.000000
163 0.000000
164 0.000000
165 0.000000
166 0.000000
167 0.000000
168 0.000000
169 0.000000
170 0.000000
171 0.000000
172 0.000000
173 0.000000
174 0.000000
175 0.000000
176 0.000000
177 0.000000
178 0.000000
179 0.000000
180 0.000000
181 0.000000
182 0.000000
183 0.000000
184 0.000000
185 0.000000
186 0.000000
187 0.000000
188 0.000000
189 0.000000
190 0.000000
191 0.000000
192 0.000000
193 0.000000
194 0.000000
195 0.000000
196 0.000000
197 0.000000
198 0.000000
199 0.000000
200 0.000000
201 0.000000
202 0.000000
203 0.000000
204 0.000000
205 0.000000
206 0.000006
207 0.000001
208 0.000001
209 0.000002
210 0.000015
211 0.000000
212 0.000001
213 0.000000
214 0.030376
215 0.030374
216 0.030159
217 0.017800
218 0.040158
219 0.040156
220 0.039961
221 0.027504
222 0.074466
223 0.074464
224 0.004523
225 0.026386
226 0.015269
227 0.006963
228 0.005655
229 0.000327
230 0.028911
231 0.018140
232 0.000489
233 0.076475
234 0.076472
235 0.004744
236 0.026607
237 0.015220
238 0.007121
239 0.006231
240 0.000378
241 0.029727
242 0.019000
243 0.000419
244 0.078093
245 0.078084
246 0.004843
247 0.026600
248 0.015102
249 0.007323
250 0.006566
251 0.000343
252 0.030710
253 0.019963
254 0.000495
255 0.299569
256 0.000000
257 0.051006
258 0.051005
259 0.050887
260 0.008757
261 0.000001
262 0.051007
263 0.215766
264 0.489959
265 0.000023
266 0.000023
267 0.000026
268 0.000025
269 0.000021
270 0.000020
271 0.000014
272 0.000012
273 0.000020
274 0.000019
275 0.000022
276 0.000020
277 0.000020
278 0.000017
279 0.000015
280 0.000011
281 0.000046
282 0.000044
283 0.000045
284 0.000043
285 0.000021
286 0.000017
287 0.000274
288 0.000000
289 0.000000
290 0.000000
291 0.000000
292 0.000000
293 0.000000
294 0.000000
295 0.000000
296 0.000000
297 0.000000
298 0.000000
299 0.000000
300 0.000000
301 0.000000
302 0.000000
303 0.000000
304 0.000008
305 0.008111
306 0.008100
307 0.001052
308 0.008482
309 0.008470
310 0.001379
311 0.013037
312 0.013028
313 0.007430
314 0.029630
315 0.000001
316 0.610962
317 0.610958
318 0.610648
319 0.032459
320 0.610963
321 0.005837
322 0.005830
323 0.005518
324 0.003702
325 0.000002
326 0.000001
327 128.554775
328 3.961994
329 3.961479
330 3.931963
331 2.135094
332 39.504296
333 39.635742
334 4.037097
335 4.036552
336 4.007542
337 2.219831
338 129.032635
339 4.497047
340 4.496462
341 4.465219
342 2.316069
343 11.988537
344 11.988030
345 0.664044
346 4.269435
347 2.462669
348 1.055912
349 0.930355
350 0.055532
351 4.738593
352 3.028298
353 0.074561
354 12.732239
355 7.726214
356 1.203628
357 4.318667
358 2.512393
359 1.103864
360 0.985993
361 0.082162
362 0.052841
363 4.825474
364 4.797532
365 3.110168
366 0.096524
367 0.067563
368 12.593880
369 12.593409
370 1.027593
371 0.743485
372 4.239992
373 2.414011
374 0.846957
375 0.821198
376 0.047524
377 4.568539
378 2.863843
379 0.070270
380 41.811862
381 0.000000
382 0.075306
383 0.075299
384 0.074797
385 0.042703
386 0.000004
387 0.075312
388 13.914098
389 13.884355
390 13.915089
391 6.464875
392 6.435374
393 4.650045
394 19.120833
395 19.091954
396 6.822474
397 2.820317
398 25.587220
399 13.525674
400 13.495598
401 13.526807
402 6.171095
403 6.141972
404 4.352862
405 19.934675
406 19.905877
407 7.036442
408 2.891488
409 26.107366
410 0.000000
411 0.000001
412 0.000009
413 0.000006
414 0.000033
415 0.000000
416 0.000000
417 130.024183
