1 0.5 5e-07 1e-06 1e-06 NO
2 0.9981684981684982 0.0002725 1e-06 0.000545 MAYBE
3 0.9981651376146788 0.000272 1e-06 0.000544 MAYBE
4 0.9980988593155894 0.0002625 1e-06 0.000525 MAYBE
5 0.9965277777777778 0.0001435 1e-06 0.000287 MAYBE
6 0.9985915492957746 0.0003545 1e-06 0.000709 MAYBE
7 0.9985895627644569 0.000354 1e-06 0.000708 MAYBE
8 0.9985632183908046 0.0003475 1e-06 0.000695 MAYBE
9 0.9977426636568849 0.000221 1e-06 0.000442 MAYBE
10 0.9988998899889989 0.000454 1e-06 0.000908 MAYBE
11 0.9988962472406181 0.0004525 1e-06 0.000905 MAYBE
12 0.9841269841269842 3.1e-05 1e-06 6.2e-05 MAYBE
13 0.9967948717948718 0.0001555 1e-06 0.000311 MAYBE
14 0.9945945945945946 9.2e-05 1e-06 0.000184 MAYBE
15 0.989010989010989 4.5e-05 1e-06 9e-05 MAYBE
16 0.9864864864864864 3.65e-05 1e-06 7.3e-05 MAYBE
17 0.9615384615384615 1.25e-05 1e-06 2.5e-05 MAYBE
18 0.9954337899543378 0.000109 1e-06 0.000218 MAYBE
19 0.9924812030075189 6.6e-05 1e-06 0.000132 MAYBE
20 0.96 1.2e-05 1e-06 2.4e-05 MAYBE
21 0.9989094874591058 0.000458 1e-06 0.000916 MAYBE
22 0.9989094874591058 0.000458 1e-06 0.000916 MAYBE
23 0.9838709677419355 3.05e-05 1e-06 6.1e-05 MAYBE
24 0.9967320261437909 0.0001525 1e-06 0.000305 MAYBE
25 0.9940476190476191 8.35e-05 1e-06 0.000167 MAYBE
26 0.9897959183673469 4.85e-05 1e-06 9.7e-05 MAYBE
27 0.9879518072289156 4.1e-05 1e-06 8.2e-05 MAYBE
28 0.96 1.2e-05 1e-06 2.4e-05 MAYBE
29 0.9956331877729259 0.000114 1e-06 0.000228 MAYBE
30 0.9928571428571429 6.95e-05 1e-06 0.000139 MAYBE
31 0.9722222222222223 1.75e-05 1e-06 3.5e-05 MAYBE
32 0.9989417989417989 0.000472 1e-06 0.000944 MAYBE
33 0.9989406779661016 0.0004715 1e-06 0.000943 MAYBE
34 0.9859154929577465 3.5e-05 1e-06 7e-05 MAYBE
35 0.9967532467532467 0.0001535 1e-06 0.000307 MAYBE
36 0.9944134078212291 8.9e-05 1e-06 0.000178 MAYBE
37 0.9893617021276596 4.65e-05 1e-06 9.3e-05 MAYBE
38 0.9895833333333333 4.75e-05 1e-06 9.5e-05 MAYBE
39 0.9615384615384615 1.25e-05 1e-06 2.5e-05 MAYBE
40 0.9956709956709957 0.000115 1e-06 0.00023 MAYBE
41 0.9935483870967742 7.7e-05 1e-06 0.000154 MAYBE
42 0.96875 1.55e-05 1e-06 3.1e-05 MAYBE
43 0.9997514292816306 0.002011 1e-06 0.004022 MAYBE
45 0.9971988795518206 0.000178 1e-06 0.000356 MAYBE
46 0.9971910112359551 0.0001775 1e-06 0.000355 MAYBE
47 0.9971590909090908 0.0001755 1e-06 0.000351 MAYBE
48 0.9841269841269842 3.1e-05 1e-06 6.2e-05 MAYBE
50 0.9971988795518206 0.000178 1e-06 0.000356 MAYBE
51 0.9996022275258553 0.0012565 1e-06 0.002513 MAYBE
52 0.9998278829604131 0.0029045 1e-06 0.005809 MAYBE
53 0.6666666666666666 1e-06 1e-06 2e-06 NO
54 0.6666666666666666 1e-06 1e-06 2e-06 NO
55 0.6666666666666666 1e-06 1e-06 2e-06 NO
56 0.6666666666666666 1e-06 1e-06 2e-06 NO
57 0.6666666666666666 1e-06 1e-06 2e-06 NO
58 0.5 5e-07 1e-06 1e-06 NO
59 0.6666666666666666 1e-06 1e-06 2e-06 NO
61 0.5 5e-07 1e-06 1e-06 NO
63 0.6666666666666666 1e-06 1e-06 2e-06 NO
64 0.5 5e-07 1e-06 1e-06 NO
65 0.5 5e-07 1e-06 1e-06 NO
66 0.5 5e-07 1e-06 1e-06 NO
67 0.6666666666666666 1e-06 1e-06 2e-06 NO
68 0.6666666666666666 1e-06 1e-06 2e-06 NO
69 0.6666666666666666 1e-06 1e-06 2e-06 NO
71 0.5 5e-07 1e-06 1e-06 NO
73 0.5 5e-07 1e-06 1e-06 NO
74 0.5 5e-07 1e-06 1e-06 NO
75 0.9473684210526315 9e-06 1e-06 1.8e-05 NO
92 0.9166666666666667 5.5e-06 1e-06 1.1e-05 NO
93 0.9974554707379134 0.000196 1e-06 0.000392 MAYBE
94 0.9974424552429667 0.000195 1e-06 0.00039 MAYBE
95 0.9750000000000001 1.95e-05 1e-06 3.9e-05 MAYBE
96 0.997690531177829 0.000216 1e-06 0.000432 MAYBE
97 0.9976851851851852 0.0002155 1e-06 0.000431 MAYBE
98 0.9891304347826088 4.55e-05 1e-06 9.1e-05 MAYBE
99 0.9975186104218362 0.000201 1e-06 0.000402 MAYBE
100 0.9974937343358397 0.000199 1e-06 0.000398 MAYBE
101 0.9803921568627451 2.5e-05 1e-06 5e-05 MAYBE
102 0.999185667752443 0.0006135 1e-06 0.001227 MAYBE
104 0.9998501872659177 0.003337 1e-06 0.006674 MAYBE
105 0.9998500524816314 0.003334 1e-06 0.006668 MAYBE
106 0.9998497144574693 0.0033265 1e-06 0.006653 MAYBE
107 0.9971988795518206 0.000178 1e-06 0.000356 MAYBE
108 0.9998501872659177 0.003337 1e-06 0.006674 MAYBE
109 0.9979253112033195 0.0002405 1e-06 0.000481 MAYBE
110 0.997907949790795 0.0002385 1e-06 0.000477 MAYBE
111 0.9977678571428571 0.0002235 1e-06 0.000447 MAYBE
112 0.9966442953020134 0.0001485 1e-06 0.000297 MAYBE
113 0.8 2e-06 1e-06 4e-06 NO
114 0.75 1.5e-06 1e-06 3e-06 NO
115 0.9999947823727682 0.0958285 1e-06 0.191657 MAYBE
116 0.9998335275511904 0.003003 1e-06 0.006006 MAYBE
117 0.9998328038789501 0.00299 1e-06 0.00598 MAYBE
118 0.9998245306194069 0.002849 1e-06 0.005698 MAYBE
119 0.9996644295302013 0.0014895 1e-06 0.002979 MAYBE
120 0.9999826704791612 0.028852 1e-06 0.057704 MAYBE
121 0.9999827180976082 0.0289315 1e-06 0.057863 MAYBE
122 0.9998379779650032 0.0030855 1e-06 0.006171 MAYBE
123 0.9998372130880678 0.003071 1e-06 0.006142 MAYBE
124 0.9998291474457542 0.002926 1e-06 0.005852 MAYBE
125 0.9996878901373283 0.0016015 1e-06 0.003203 MAYBE
126 0.9999949191122672 0.0984075 1e-06 0.196815 MAYBE
127 0.9999105785567379 0.005591 1e-06 0.011182 MAYBE
128 0.999910289764062 0.005573 1e-06 0.011146 MAYBE
129 0.9999068207230711 0.0053655 1e-06 0.010731 MAYBE
130 0.9998157021747144 0.0027125 1e-06 0.005425 MAYBE
131 0.9999468791500665 0.009412 1e-06 0.018824 MAYBE
132 0.9999467745369385 0.0093935 1e-06 0.018787 MAYBE
133 0.9991816693944354 0.0006105 1e-06 0.001221 MAYBE
134 0.9998459642637092 0.0032455 1e-06 0.006491 MAYBE
135 0.9997232982844494 0.0018065 1e-06 0.003613 MAYBE
136 0.9994609164420486 0.000927 1e-06 0.001854 MAYBE
137 0.9993909866017053 0.0008205 1e-06 0.001641 MAYBE
138 0.9979879275653925 0.000248 1e-06 0.000496 MAYBE
139 0.9997809899255365 0.0022825 1e-06 0.004565 MAYBE
140 0.999639899171768 0.001388 1e-06 0.002776 MAYBE
141 0.9983552631578948 0.0003035 1e-06 0.000607 MAYBE
142 0.9999477315492368 0.0095655 1e-06 0.019131 MAYBE
143 0.9999195494770716 0.0062145 1e-06 0.012429 MAYBE
144 0.9991928974979822 0.000619 1e-06 0.001238 MAYBE
145 0.9998452970297028 0.0032315 1e-06 0.006463 MAYBE
146 0.9997256515775034 0.001822 1e-06 0.003644 MAYBE
147 0.9994582881906825 0.0009225 1e-06 0.001845 MAYBE
148 0.9994514536478332 0.000911 1e-06 0.001822 MAYBE
149 0.9986595174262735 0.0003725 1e-06 0.000745 MAYBE
150 0.997844827586207 0.0002315 1e-06 0.000463 MAYBE
151 0.9997963754836082 0.002455 1e-06 0.00491 MAYBE
152 0.9997880008479967 0.002358 1e-06 0.004716 MAYBE
153 0.9996675531914894 0.0015035 1e-06 0.003007 MAYBE
154 0.9989212513484358 0.000463 1e-06 0.000926 MAYBE
155 0.9984615384615384 0.0003245 1e-06 0.000649 MAYBE
156 0.9999467632027257 0.0093915 1e-06 0.018783 MAYBE
157 0.9999466837278739 0.0093775 1e-06 0.018755 MAYBE
158 0.9989258861439313 0.000465 1e-06 0.00093 MAYBE
159 0.9988974641675855 0.000453 1e-06 0.000906 MAYBE
160 0.9998432601880878 0.0031895 1e-06 0.006379 MAYBE
161 0.9997159897756319 0.00176 1e-06 0.00352 MAYBE
162 0.9993297587131367 0.0007455 1e-06 0.001491 MAYBE
163 0.9993127147766323 0.000727 1e-06 0.001454 MAYBE
164 0.9976798143851507 0.000215 1e-06 0.00043 MAYBE
165 0.9997782705099779 0.0022545 1e-06 0.004509 MAYBE
166 0.9996297667530545 0.00135 1e-06 0.0027 MAYBE
167 0.9982608695652173 0.000287 1e-06 0.000574 MAYBE
168 0.9999852785302084 0.0339635 1e-06 0.067927 MAYBE
169 0.5 5e-07 1e-06 1e-06 NO
170 0.9984126984126985 0.0003145 1e-06 0.000629 MAYBE
171 0.9984051036682616 0.000313 1e-06 0.000626 MAYBE
172 0.9983164983164984 0.0002965 1e-06 0.000593 MAYBE
173 0.9974358974358976 0.0001945 1e-06 0.000389 MAYBE
174 0.6666666666666666 1e-06 1e-06 2e-06 NO
175 0.9984251968503937 0.000317 1e-06 0.000634 MAYBE
176 0.9999524013518015 0.010504 1e-06 0.021008 MAYBE
177 0.9999517793422701 0.0103685 1e-06 0.020737 MAYBE
178 0.9999525233822342 0.010531 1e-06 0.021062 MAYBE
179 0.9998946148171567 0.004744 1e-06 0.009488 MAYBE
180 0.9998915048280351 0.004608 1e-06 0.009216 MAYBE
181 0.9998470246290347 0.003268 1e-06 0.006536 MAYBE
182 0.9999630191191154 0.01352 1e-06 0.02704 MAYBE
183 0.9999626182198795 0.013375 1e-06 0.02675 MAYBE
184 0.9998956812017527 0.0047925 1e-06 0.009585 MAYBE
185 0.9997539370078741 0.0020315 1e-06 0.004063 MAYBE
186 0.9999726731158113 0.0182965 1e-06 0.036593 MAYBE
187 0.9999520406695123 0.010425 1e-06 0.02085 MAYBE
188 0.9999514445253702 0.010297 1e-06 0.020594 MAYBE
189 0.9999521531100479 0.0104495 1e-06 0.020899 MAYBE
190 0.999888005375742 0.004464 1e-06 0.008928 MAYBE
191 0.9998844998844998 0.0043285 1e-06 0.008657 MAYBE
192 0.9998316781686584 0.00297 1e-06 0.00594 MAYBE
193 0.999964169264395 0.013954 1e-06 0.027908 MAYBE
194 0.9999638506308065 0.013831 1e-06 0.027662 MAYBE
195 0.9998955831680066 0.004788 1e-06 0.009576 MAYBE
196 0.9997518610421837 0.0020145 1e-06 0.004029 MAYBE
197 0.9999728945870491 0.018446 1e-06 0.036892 MAYBE
198 0.5 5e-07 1e-06 1e-06 NO
200 0.9090909090909091 5e-06 1e-06 1e-05 NO
201 0.8888888888888888 4e-06 1e-06 8e-06 NO
202 0.9714285714285715 1.7e-05 1e-06 3.4e-05 MAYBE
205 0.9999952196567713 0.1045945 1e-06 0.209189 MAYBE
206 0.5 6e-06 6e-06 6e-06 NO
207 0.6666666666666666 1.5e-06 1e-06 2e-06 NO
208 0.75 2e-06 1e-06 3e-06 NO
209 0.6666666666666666 1.5e-06 1e-06 2e-06 NO
210 0.9375 8e-06 1e-06 1.5e-05 NO
212 0.5 1e-06 1e-06 1e-06 NO
214 0.9999670803568489 0.015188 1e-06 0.030376 MAYBE
215 0.9999670781893005 0.015187 1e-06 0.030374 MAYBE
216 0.9999668435013261 0.0150795 1e-06 0.030159 MAYBE
217 0.9999438233807089 0.0089 1e-06 0.0178 MAYBE
218 0.9999750989815483 0.020079 1e-06 0.040158 MAYBE
219 0.9999750977413651 0.020078 1e-06 0.040156 MAYBE
220 0.9999749762274162 0.0199805 1e-06 0.039961 MAYBE
221 0.9999636429740048 0.013752 1e-06 0.027504 MAYBE
222 0.999986571232895 0.037233 1e-06 0.074466 MAYBE
223 0.9999865708722219 0.037232 1e-06 0.074464 MAYBE
224 0.9997789566755084 0.0022615 1e-06 0.004523 MAYBE
225 0.9999621025504983 0.013193 1e-06 0.026386 MAYBE
226 0.9999345121152585 0.0076345 1e-06 0.015269 MAYBE
227 0.9998564043653073 0.0034815 1e-06 0.006963 MAYBE
228 0.9998231966053749 0.0028275 1e-06 0.005655 MAYBE
229 0.9969512195121952 0.0001635 1e-06 0.000327 MAYBE
230 0.9999654122855562 0.0144555 1e-06 0.028911 MAYBE
231 0.999944876247175 0.00907 1e-06 0.01814 MAYBE
232 0.9979591836734694 0.0002445 1e-06 0.000489 MAYBE
233 0.9999869240023015 0.0382375 1e-06 0.076475 MAYBE
234 0.999986923489336 0.038236 1e-06 0.076472 MAYBE
235 0.9997892518440464 0.002372 1e-06 0.004744 MAYBE
236 0.9999624173180998 0.0133035 1e-06 0.026607 MAYBE
237 0.9999343012942645 0.00761 1e-06 0.01522 MAYBE
238 0.9998595900028082 0.0035605 1e-06 0.007121 MAYBE
239 0.9998395378690628 0.0031155 1e-06 0.006231 MAYBE
240 0.9973614775725594 0.000189 1e-06 0.000378 MAYBE
241 0.999966361679225 0.0148635 1e-06 0.029727 MAYBE
242 0.99994737119099 0.0095 1e-06 0.019 MAYBE
243 0.9976190476190476 0.0002095 1e-06 0.000419 MAYBE
244 0.9999871949189438 0.0390465 1e-06 0.078093 MAYBE
245 0.9999871934430428 0.039042 1e-06 0.078084 MAYBE
246 0.999793559042114 0.0024215 1e-06 0.004843 MAYBE
247 0.9999624074282922 0.0133 1e-06 0.0266 MAYBE
248 0.9999337879891412 0.007551 1e-06 0.015102 MAYBE
249 0.9998634625887493 0.0036615 1e-06 0.007323 MAYBE
250 0.9998477234658139 0.003283 1e-06 0.006566 MAYBE
251 0.9970930232558138 0.0001715 1e-06 0.000343 MAYBE
252 0.9999674383771289 0.015355 1e-06 0.03071 MAYBE
253 0.9999499098377078 0.0099815 1e-06 0.019963 MAYBE
254 0.9979838709677419 0.0002475 1e-06 0.000495 MAYBE
255 0.9999966618820308 0.1497845 1e-06 0.299569 MAYBE
257 0.999980394847766 0.025503 1e-06 0.051006 MAYBE
258 0.9999803944633966 0.0255025 1e-06 0.051005 MAYBE
259 0.9999803490017294 0.0254435 1e-06 0.050887 MAYBE
260 0.9998858186800639 0.0043785 1e-06 0.008757 MAYBE
261 0.5 5e-07 1e-06 1e-06 NO
262 0.9999803952321203 0.0255035 1e-06 0.051007 MAYBE
263 0.999995365370979 0.107883 1e-06 0.215766 MAYBE
264 0.9999979590170626 0.2449795 1e-06 0.489959 MAYBE
265 0.9583333333333334 1.15e-05 1e-06 2.3e-05 MAYBE
266 0.9583333333333334 1.15e-05 1e-06 2.3e-05 MAYBE
267 0.9629629629629629 1.3e-05 1e-06 2.6e-05 MAYBE
268 0.9615384615384615 1.25e-05 1e-06 2.5e-05 MAYBE
269 0.9545454545454545 1.05e-05 1e-06 2.1e-05 NO
270 0.9523809523809523 1e-05 1e-06 2e-05 NO
271 0.9333333333333333 7e-06 1e-06 1.4e-05 NO
272 0.9230769230769231 6e-06 1e-06 1.2e-05 NO
273 0.9523809523809523 1e-05 1e-06 2e-05 NO
274 0.9500000000000001 9.5e-06 1e-06 1.9e-05 NO
275 0.9565217391304348 1.1e-05 1e-06 2.2e-05 MAYBE
276 0.9523809523809523 1e-05 1e-06 2e-05 NO
277 0.9523809523809523 1e-05 1e-06 2e-05 NO
278 0.9444444444444444 8.5e-06 1e-06 1.7e-05 NO
279 0.9375 7.5e-06 1e-06 1.5e-05 NO
280 0.9166666666666667 5.5e-06 1e-06 1.1e-05 NO
281 0.978723404255319 2.3e-05 1e-06 4.6e-05 MAYBE
282 0.9777777777777777 2.2e-05 1e-06 4.4e-05 MAYBE
283 0.9782608695652175 2.25e-05 1e-06 4.5e-05 MAYBE
284 0.9772727272727272 2.15e-05 1e-06 4.3e-05 MAYBE
285 0.9545454545454545 1.05e-05 1e-06 2.1e-05 NO
286 0.9444444444444444 8.5e-06 1e-06 1.7e-05 NO
287 0.9963636363636365 0.000137 1e-06 0.000274 MAYBE
304 0.8888888888888888 4e-06 1e-06 8e-06 NO
305 0.9998767258382644 0.0040555 1e-06 0.008111 MAYBE
306 0.9998765584495742 0.00405 1e-06 0.0081 MAYBE
307 0.9990503323836658 0.000526 1e-06 0.001052 MAYBE
308 0.9998821171755276 0.004241 1e-06 0.008482 MAYBE
309 0.9998819501829772 0.004235 1e-06 0.00847 MAYBE
310 0.9992753623188406 0.0006895 1e-06 0.001379 MAYBE
311 0.9999233011198037 0.0065185 1e-06 0.013037 MAYBE
312 0.9999232481387674 0.006514 1e-06 0.013028 MAYBE
313 0.9998654286098776 0.003715 1e-06 0.00743 MAYBE
314 0.9999662515608654 0.014815 1e-06 0.02963 MAYBE
315 0.5 5e-07 1e-06 1e-06 NO
316 0.9999983632396725 0.305481 1e-06 0.610962 MAYBE
317 0.9999983632289565 0.305479 1e-06 0.610958 MAYBE
318 0.9999983623980387 0.305324 1e-06 0.610648 MAYBE
319 0.9999691928527418 0.0162295 1e-06 0.032459 MAYBE
320 0.9999983632423515 0.3054815 1e-06 0.610963 MAYBE
321 0.999828708461802 0.0029185 1e-06 0.005837 MAYBE
322 0.9998285028297034 0.002915 1e-06 0.00583 MAYBE
323 0.999818807755028 0.002759 1e-06 0.005518 MAYBE
324 0.9997299486902511 0.001851 1e-06 0.003702 MAYBE
325 0.6666666666666666 1e-06 1e-06 2e-06 NO
326 0.5 5e-07 1e-06 1e-06 NO
327 0.9999999922212147 64.2773875 1e-06 128.554775 YES
328 0.9999997476019027 1.980997 1e-06 3.961994 YES
329 0.9999997475690903 1.9807395 1e-06 3.961479 YES
330 0.9999997456741719 1.9659815 1e-06 3.931963 YES
331 0.9999995316367656 1.067547 1e-06 2.135094 MAYBE
332 0.999999974686298 19.752148 1e-06 39.504296 YES
333 0.9999999747702473 19.817871 1e-06 39.635742 YES
334 0.9999997522973186 2.0185485 1e-06 4.037097 YES
335 0.9999997522638747 2.018276 1e-06 4.036552 YES
336 0.9999997504705501 2.003771 1e-06 4.007542 YES
337 0.9999995495154588 1.1099155 1e-06 2.219831 MAYBE
338 0.9999999922500228 64.5163175 1e-06 129.032635 YES
339 0.9999997776319042 2.2485235 1e-06 4.497047 YES
340 0.9999997776029739 2.248231 1e-06 4.496462 YES
341 0.9999997760468688 2.2326095 1e-06 4.465219 YES
342 0.9999995682341206 1.1580345 1e-06 2.316069 MAYBE
343 0.9999999165869934 5.9942685 1e-06 11.988537 YES
344 0.9999999165834658 5.994015 1e-06 11.98803 YES
345 0.9999984940779617 0.332022 1e-06 0.664044 MAYBE
346 0.9999997657770254 2.1347175 1e-06 4.269435 YES
347 0.9999995939366623 1.2313345 1e-06 2.462669 MAYBE
348 0.9999990529522792 0.527956 1e-06 1.055912 MAYBE
349 0.9999989251426336 0.4651775 1e-06 0.930355 MAYBE
350 0.9999819926890317 0.027766 1e-06 0.055532 MAYBE
351 0.9999997889669382 2.3692965 1e-06 4.738593 YES
352 0.9999996697816167 1.514149 1e-06 3.028298 YES
353 0.9999865883425874 0.0372805 1e-06 0.074561 MAYBE
354 0.9999999214592248 6.3661195 1e-06 12.732239 YES
355 0.9999998705705188 3.863107 1e-06 7.726214 YES
356 0.9999991691792073 0.601814 1e-06 1.203628 MAYBE
357 0.999999768447123 2.1593335 1e-06 4.318667 YES
358 0.9999996019732574 1.2561965 1e-06 2.512393 MAYBE
359 0.9999990940921217 0.551932 1e-06 1.103864 MAYBE
360 0.9999989857950454 0.4929965 1e-06 0.985993 MAYBE
361 0.9999878290714799 0.041081 1e-06 0.082162 MAYBE
362 0.9999810756595132 0.0264205 1e-06 0.052841 MAYBE
363 0.9999997927665153 2.412737 1e-06 4.825474 YES
364 0.999999791559537 2.398766 1e-06 4.797532 YES
365 0.9999996784740636 1.555084 1e-06 3.110168 YES
366 0.9999896399896401 0.048262 1e-06 0.096524 MAYBE
367 0.9999851992185187 0.0337815 1e-06 0.067563 MAYBE
368 0.9999999205963596 6.29694 1e-06 12.59388 YES
369 0.9999999205933897 6.2967045 1e-06 12.593409 YES
370 0.9999990268530179 0.5137965 1e-06 1.027593 MAYBE
371 0.9999986549847609 0.3717425 1e-06 0.743485 MAYBE
372 0.9999997641505539 2.119996 1e-06 4.239992 YES
373 0.9999995857518522 1.2070055 1e-06 2.414011 MAYBE
374 0.9999988193039087 0.4234785 1e-06 0.846957 MAYBE
375 0.9999987822683661 0.410599 1e-06 0.821198 MAYBE
376 0.9999789584429247 0.023762 1e-06 0.047524 MAYBE
377 0.9999997811116901 2.2842695 1e-06 4.568539 YES
378 0.9999996508189692 1.4319215 1e-06 2.863843 YES
379 0.9999857693785487 0.035135 1e-06 0.07027 MAYBE
380 0.9999999760833426 20.905931 1e-06 41.811862 YES
382 0.9999867210219502 0.037653 1e-06 0.075306 MAYBE
383 0.9999867197875166 0.0376495 1e-06 0.075299 MAYBE
384 0.9999866306585738 0.0373985 1e-06 0.074797 MAYBE
385 0.9999765829898838 0.0213515 1e-06 0.042703 MAYBE
386 0.8 2e-06 1e-06 4e-06 NO
387 0.9999867220798534 0.037656 1e-06 0.075312 MAYBE
388 0.9999999281304525 6.957049 1e-06 13.914098 YES
389 0.9999999279764938 6.9421775 1e-06 13.884355 YES
390 0.9999999281355708 6.9575445 1e-06 13.915089 YES
391 0.9999998453179921 3.2324375 1e-06 6.464875 YES
392 0.9999998446088999 3.217687 1e-06 6.435374 YES
393 0.9999997849483641 2.3250225 1e-06 4.650045 YES
394 0.9999999477010261 9.5604165 1e-06 19.120833 YES
395 0.9999999476219171 9.545977 1e-06 19.091954 YES
396 0.9999998534256265 3.411237 1e-06 6.822474 YES
397 0.9999996454300544 1.4101585 1e-06 2.820317 YES
398 0.999999960917991 12.79361 1e-06 25.58722 YES
399 0.9999999260665363 6.762837 1e-06 13.525674 YES
400 0.9999999259017699 6.747799 1e-06 13.495598 YES
401 0.9999999260727291 6.7634035 1e-06 13.526807 YES
402 0.9999998379542306 3.0855475 1e-06 6.171095 YES
403 0.9999998371858684 3.070986 1e-06 6.141972 YES
404 0.9999997702661444 2.176431 1e-06 4.352862 YES
405 0.9999999498361548 9.9673375 1e-06 19.934675 YES
406 0.9999999497635824 9.9529385 1e-06 19.905877 YES
407 0.9999998578827398 3.518221 1e-06 7.036442 YES
408 0.9999996541574255 1.445744 1e-06 2.891488 YES
409 0.9999999616966352 13.053683 1e-06 26.107366 YES
411 0.5 5e-07 1e-06 1e-06 NO
412 0.8999999999999999 4.5e-06 1e-06 9e-06 NO
413 0.8571428571428571 3e-06 1e-06 6e-06 NO
414 0.9705882352941176 1.65e-05 1e-06 3.3e-05 MAYBE
417 0.9999999923091231 65.0120915 1e-06 130.024183 YES
