1 0.000001
2 0.000545
3 0.000544
4 0.000525
5 0.000287
6 0.000709
7 0.000708
8 0.000695
9 0.000442
10 0.000908
11 0.000905
12 0.000062
13 0.000311
14 0.000184
15 0.000090
16 0.000073
17 0.000025
18 0.000218
19 0.000132
20 0.000024
21 0.000916
22 0.000916
23 0.000061
24 0.000305
25 0.000167
26 0.000097
27 0.000082
28 0.000024
29 0.000228
30 0.000139
31 0.000035
32 0.000944
33 0.000943
34 0.000070
35 0.000307
36 0.000178
37 0.000093
38 0.000095
39 0.000025
40 0.000230
41 0.000154
42 0.000031
43 0.004022
44 0.000000
45 0.000356
46 0.000355
47 0.000351
48 0.000062
49 0.000000
50 0.000356
51 0.002513
52 0.005809
53 0.000002
54 0.000002
55 0.000002
56 0.000002
57 0.000002
58 0.000001
59 0.000002
60 0.000000
61 0.000001
62 0.000000
63 0.000002
64 0.000001
65 0.000001
66 0.000001
67 0.000002
68 0.000002
69 0.000002
70 0.000000
71 0.000001
72 0.000000
73 0.000001
74 0.000001
75 0.000018
76 0.000000
77 0.000000
78 0.000000
79 0.000000
80 0.000000
81 0.000000
82 0.000000
83 0.000000
84 0.000000
85 0.000000
86 0.000000
87 0.000000
88 0.000000
89 0.000000
90 0.000000
91 0.000000
92 0.000011
93 0.000392
94 0.000390
95 0.000039
96 0.000432
97 0.000431
98 0.000091
99 0.000402
100 0.000398
101 0.000050
102 0.001227
103 0.000000
104 0.006674
105 0.006668
106 0.006653
107 0.000356
108 0.006674
109 0.000481
110 0.000477
111 0.000447
112 0.000297
113 0.000004
114 0.000003
115 0.191657
116 0.006006
117 0.005980
118 0.005698
119 0.002979
120 0.057704
121 0.057863
122 0.006171
123 0.006142
124 0.005852
125 0.003203
126 0.196815
127 0.011182
128 0.011146
129 0.010731
130 0.005425
131 0.018824
132 0.018787
133 0.001221
134 0.006491
135 0.003613
136 0.001854
137 0.001641
138 0.000496
139 0.004565
140 0.002776
141 0.000607
142 0.019131
143 0.012429
144 0.001238
145 0.006463
146 0.003644
147 0.001845
148 0.001822
149 0.000745
150 0.000463
151 0.004910
152 0.004716
153 0.003007
154 0.000926
155 0.000649
156 0.018783
157 0.018755
158 0.000930
159 0.000906
160 0.006379
161 0.003520
162 0.001491
163 0.001454
164 0.000430
165 0.004509
166 0.002700
167 0.000574
168 0.067927
169 0.000001
170 0.000629
171 0.000626
172 0.000593
173 0.000389
174 0.000002
175 0.000634
176 0.021008
177 0.020737
178 0.021062
179 0.009488
180 0.009216
181 0.006536
182 0.027040
183 0.026750
184 0.009585
185 0.004063
186 0.036593
187 0.020850
188 0.020594
189 0.020899
190 0.008928
191 0.008657
192 0.005940
193 0.027908
194 0.027662
195 0.009576
196 0.004029
197 0.036892
198 0.000001
199 0.000000
200 0.000010
201 0.000008
202 0.000034
203 0.000000
204 0.000000
205 0.209189
206 0.000006
207 0.000002
208 0.000003
209 0.000001
210 0.000001
211 0.000000
212 0.000001
213 0.000000
214 0.000000
215 0.000000
216 0.000000
217 0.000000
218 0.000000
219 0.000000
220 0.000000
221 0.000000
222 0.000000
223 0.000000
224 0.000000
225 0.000000
226 0.000000
227 0.000000
228 0.000000
229 0.000000
230 0.000000
231 0.000000
232 0.000000
233 0.000000
234 0.000000
235 0.000000
236 0.000000
237 0.000000
238 0.000000
239 0.000000
240 0.000000
241 0.000000
242 0.000000
243 0.000000
244 0.000000
245 0.000000
246 0.000000
247 0.000000
248 0.000000
249 0.000000
250 0.000000
251 0.000000
252 0.000000
253 0.000000
254 0.000000
255 0.000000
256 0.000000
257 0.000000
258 0.000000
259 0.000000
260 0.000000
261 0.000000
262 0.000000
263 0.000000
264 0.000000
265 0.000000
266 0.000000
267 0.000000
268 0.000000
269 0.000000
270 0.000000
271 0.000000
272 0.000000
273 0.000000
274 0.000000
275 0.000000
276 0.000000
277 0.000000
278 0.000000
279 0.000000
280 0.000000
281 0.000000
282 0.000000
283 0.000000
284 0.000000
285 0.000000
286 0.000000
287 0.000000
288 0.000000
289 0.000000
290 0.000000
291 0.000000
292 0.000000
293 0.000000
294 0.000000
295 0.000000
296 0.000000
297 0.000000
298 0.000000
299 0.000000
300 0.000000
301 0.000000
302 0.000000
303 0.000000
304 0.000000
305 0.000000
306 0.000000
307 0.000000
308 0.000000
309 0.000000
310 0.000000
311 0.000000
312 0.000000
313 0.000000
314 0.000000
315 0.000000
316 0.000000
317 0.000000
318 0.000000
319 0.000000
320 0.000000
321 0.000000
322 0.000000
323 0.000000
324 0.000000
325 0.000000
326 0.000000
327 0.000000
328 0.000000
329 0.000000
330 0.000000
331 0.000000
332 0.000000
333 0.000000
334 0.000000
335 0.000000
336 0.000000
337 0.000000
338 0.000000
339 0.000000
340 0.000000
341 0.000000
342 0.000000
343 0.000000
344 0.000000
345 0.000000
346 0.000000
347 0.000000
348 0.000000
349 0.000000
350 0.000000
351 0.000000
352 0.000000
353 0.000000
354 0.000000
355 0.000000
356 0.000000
357 0.000000
358 0.000000
359 0.000000
360 0.000000
361 0.000000
362 0.000000
363 0.000000
364 0.000000
365 0.000000
366 0.000000
367 0.000000
368 0.000000
369 0.000000
370 0.000000
371 0.000000
372 0.000000
373 0.000000
374 0.000000
375 0.000000
376 0.000000
377 0.000000
378 0.000000
379 0.000000
380 0.000000
381 0.000000
382 0.000000
383 0.000000
384 0.000000
385 0.000000
386 0.000000
387 0.000000
388 0.000000
389 0.000000
390 0.000000
391 0.000000
392 0.000000
393 0.000000
394 0.000000
395 0.000000
396 0.000000
397 0.000000
398 0.000000
399 0.000000
400 0.000000
401 0.000000
402 0.000000
403 0.000000
404 0.000000
405 0.000000
406 0.000000
407 0.000000
408 0.000000
409 0.000000
410 0.000000
411 0.000000
412 0.000000
413 0.000000
414 0.000000
415 0.000000
416 0.000000
417 0.000000
